{
 "cells": [
  {
   "cell_type": "code",
   "execution_count": 43,
   "metadata": {},
   "outputs": [],
   "source": [
    "import numpy as np\n",
    "import pandas as pd"
   ]
  },
  {
   "cell_type": "markdown",
   "metadata": {},
   "source": [
    "## Análise do IGR (Índice Geral de Reclamações)"
   ]
  },
  {
   "cell_type": "code",
   "execution_count": 69,
   "metadata": {},
   "outputs": [],
   "source": [
    "igr = pd.read_csv('../data/01_raw/igr.csv', encoding='latin1', sep=';')\n",
    "igr = igr.rename(columns=str.lower)\n",
    "\n",
    "igr['cd_operadora'] = igr['razão social (registro ans)'].apply(\n",
    "    lambda name: name.split('(')[-1].strip(')')  # Extract 'registro ans' from parentheses\n",
    ")\n",
    "igr['cd_operadora'] = igr['cd_operadora'].astype(int)\n",
    "\n",
    "cols_rating_covid = ['mai/20', 'abr/20', 'mar/20']\n",
    "cols_rating_pre = ['fev/20', 'jan/20', 'dez/19', 'nov/19', 'out/19', 'set/19']\n",
    "cols_rating = cols_rating_covid + cols_rating_pre\n",
    "\n",
    "igr[cols_rating] = igr[cols_rating].replace('#######', np.nan)\n",
    "for col in cols_rating:\n",
    "    igr[col] = igr[col].str.replace(',', '.').astype(float)\n",
    "\n",
    "igr = igr[igr['cobertura'] == 'Médico Hospitalar']\n",
    "igr = igr[['cd_operadora', 'porte'] + cols_rating]\n",
    "\n",
    "igr['mov_avg_pre'] = igr[cols_rating_pre].mean(axis=1)\n",
    "igr['mov_avg_covid'] = igr[cols_rating_covid].mean(axis=1)"
   ]
  },
  {
   "cell_type": "markdown",
   "metadata": {},
   "source": [
    "## Reclamações por Empresa"
   ]
  },
  {
   "cell_type": "code",
   "execution_count": 72,
   "metadata": {},
   "outputs": [],
   "source": [
    "empresas = pd.read_csv('../data/01_raw/operadora_empresa.csv')\n",
    "empresas = empresas.rename(columns=str.lower)"
   ]
  },
  {
   "cell_type": "code",
   "execution_count": 89,
   "metadata": {},
   "outputs": [],
   "source": [
    "reclamacoes_empresa = igr.merge(\n",
    "    empresas, left_on='cd_operadora', right_on='cod_operadora', how='inner'\n",
    ")\n",
    "reclamacoes_empresa = reclamacoes_empresa.drop(\n",
    "    ['cd_operadora', 'cod_operadora'], axis=1\n",
    ")\n",
    "reclamacoes_empresa['delta_covid'] = reclamacoes_empresa['mov_avg_covid'] - reclamacoes_empresa['mov_avg_pre']"
   ]
  },
  {
   "cell_type": "code",
   "execution_count": 90,
   "metadata": {},
   "outputs": [
    {
     "data": {
      "text/html": [
       "<div>\n",
       "<style scoped>\n",
       "    .dataframe tbody tr th:only-of-type {\n",
       "        vertical-align: middle;\n",
       "    }\n",
       "\n",
       "    .dataframe tbody tr th {\n",
       "        vertical-align: top;\n",
       "    }\n",
       "\n",
       "    .dataframe thead th {\n",
       "        text-align: right;\n",
       "    }\n",
       "</style>\n",
       "<table border=\"1\" class=\"dataframe\">\n",
       "  <thead>\n",
       "    <tr style=\"text-align: right;\">\n",
       "      <th></th>\n",
       "      <th>mai/20</th>\n",
       "      <th>abr/20</th>\n",
       "      <th>mar/20</th>\n",
       "      <th>fev/20</th>\n",
       "      <th>jan/20</th>\n",
       "      <th>dez/19</th>\n",
       "      <th>nov/19</th>\n",
       "      <th>out/19</th>\n",
       "      <th>set/19</th>\n",
       "      <th>mov_avg_pre</th>\n",
       "      <th>mov_avg_covid</th>\n",
       "      <th>delta_covid</th>\n",
       "    </tr>\n",
       "    <tr>\n",
       "      <th>nome_empresa</th>\n",
       "      <th></th>\n",
       "      <th></th>\n",
       "      <th></th>\n",
       "      <th></th>\n",
       "      <th></th>\n",
       "      <th></th>\n",
       "      <th></th>\n",
       "      <th></th>\n",
       "      <th></th>\n",
       "      <th></th>\n",
       "      <th></th>\n",
       "      <th></th>\n",
       "    </tr>\n",
       "  </thead>\n",
       "  <tbody>\n",
       "    <tr>\n",
       "      <th>Bradesco - ASO</th>\n",
       "      <td>1.760000</td>\n",
       "      <td>2.100000</td>\n",
       "      <td>2.48000</td>\n",
       "      <td>2.300000</td>\n",
       "      <td>2.250000</td>\n",
       "      <td>3.060000</td>\n",
       "      <td>3.310000</td>\n",
       "      <td>4.070000</td>\n",
       "      <td>3.740000</td>\n",
       "      <td>3.121667</td>\n",
       "      <td>2.113333</td>\n",
       "      <td>-1.008333</td>\n",
       "    </tr>\n",
       "    <tr>\n",
       "      <th>Unimeds</th>\n",
       "      <td>2.415795</td>\n",
       "      <td>2.973447</td>\n",
       "      <td>4.21625</td>\n",
       "      <td>4.242462</td>\n",
       "      <td>4.159167</td>\n",
       "      <td>3.502727</td>\n",
       "      <td>3.347841</td>\n",
       "      <td>3.217727</td>\n",
       "      <td>3.029432</td>\n",
       "      <td>3.583226</td>\n",
       "      <td>3.201831</td>\n",
       "      <td>-0.381395</td>\n",
       "    </tr>\n",
       "    <tr>\n",
       "      <th>GNDI</th>\n",
       "      <td>6.225000</td>\n",
       "      <td>6.332500</td>\n",
       "      <td>6.71000</td>\n",
       "      <td>4.517500</td>\n",
       "      <td>4.202500</td>\n",
       "      <td>3.795000</td>\n",
       "      <td>3.702500</td>\n",
       "      <td>3.510000</td>\n",
       "      <td>3.257500</td>\n",
       "      <td>3.830833</td>\n",
       "      <td>6.422500</td>\n",
       "      <td>2.591667</td>\n",
       "    </tr>\n",
       "    <tr>\n",
       "      <th>Sulamerica - ASO</th>\n",
       "      <td>2.200000</td>\n",
       "      <td>3.050000</td>\n",
       "      <td>4.74000</td>\n",
       "      <td>5.040000</td>\n",
       "      <td>5.370000</td>\n",
       "      <td>4.890000</td>\n",
       "      <td>4.600000</td>\n",
       "      <td>4.800000</td>\n",
       "      <td>5.110000</td>\n",
       "      <td>4.968333</td>\n",
       "      <td>3.330000</td>\n",
       "      <td>-1.638333</td>\n",
       "    </tr>\n",
       "    <tr>\n",
       "      <th>Assim</th>\n",
       "      <td>5.540000</td>\n",
       "      <td>6.240000</td>\n",
       "      <td>6.50000</td>\n",
       "      <td>6.220000</td>\n",
       "      <td>5.760000</td>\n",
       "      <td>5.850000</td>\n",
       "      <td>6.260000</td>\n",
       "      <td>6.990000</td>\n",
       "      <td>7.060000</td>\n",
       "      <td>6.356667</td>\n",
       "      <td>6.093333</td>\n",
       "      <td>-0.263333</td>\n",
       "    </tr>\n",
       "    <tr>\n",
       "      <th>HAPVIDA</th>\n",
       "      <td>5.868750</td>\n",
       "      <td>7.058750</td>\n",
       "      <td>9.56750</td>\n",
       "      <td>8.890000</td>\n",
       "      <td>8.271250</td>\n",
       "      <td>7.015000</td>\n",
       "      <td>6.712500</td>\n",
       "      <td>6.230000</td>\n",
       "      <td>5.215000</td>\n",
       "      <td>7.055625</td>\n",
       "      <td>7.498333</td>\n",
       "      <td>0.442708</td>\n",
       "    </tr>\n",
       "    <tr>\n",
       "      <th>Amil</th>\n",
       "      <td>4.935000</td>\n",
       "      <td>6.055000</td>\n",
       "      <td>7.36000</td>\n",
       "      <td>7.055000</td>\n",
       "      <td>7.325000</td>\n",
       "      <td>7.235000</td>\n",
       "      <td>7.715000</td>\n",
       "      <td>7.100000</td>\n",
       "      <td>6.395000</td>\n",
       "      <td>7.137500</td>\n",
       "      <td>6.116667</td>\n",
       "      <td>-1.020833</td>\n",
       "    </tr>\n",
       "    <tr>\n",
       "      <th>Sulamerica</th>\n",
       "      <td>4.020000</td>\n",
       "      <td>5.050000</td>\n",
       "      <td>6.84000</td>\n",
       "      <td>7.080000</td>\n",
       "      <td>7.520000</td>\n",
       "      <td>7.320000</td>\n",
       "      <td>7.840000</td>\n",
       "      <td>8.540000</td>\n",
       "      <td>8.740000</td>\n",
       "      <td>7.840000</td>\n",
       "      <td>5.303333</td>\n",
       "      <td>-2.536667</td>\n",
       "    </tr>\n",
       "    <tr>\n",
       "      <th>Bradesco</th>\n",
       "      <td>5.780000</td>\n",
       "      <td>6.540000</td>\n",
       "      <td>7.47000</td>\n",
       "      <td>7.200000</td>\n",
       "      <td>7.450000</td>\n",
       "      <td>7.910000</td>\n",
       "      <td>8.500000</td>\n",
       "      <td>8.850000</td>\n",
       "      <td>8.650000</td>\n",
       "      <td>8.093333</td>\n",
       "      <td>6.596667</td>\n",
       "      <td>-1.496667</td>\n",
       "    </tr>\n",
       "    <tr>\n",
       "      <th>Prevent</th>\n",
       "      <td>1.785000</td>\n",
       "      <td>25.635000</td>\n",
       "      <td>48.94000</td>\n",
       "      <td>71.695000</td>\n",
       "      <td>94.270000</td>\n",
       "      <td>117.140000</td>\n",
       "      <td>116.485000</td>\n",
       "      <td>93.235000</td>\n",
       "      <td>115.170000</td>\n",
       "      <td>101.332500</td>\n",
       "      <td>25.453333</td>\n",
       "      <td>-75.879167</td>\n",
       "    </tr>\n",
       "  </tbody>\n",
       "</table>\n",
       "</div>"
      ],
      "text/plain": [
       "                    mai/20     abr/20    mar/20     fev/20     jan/20  \\\n",
       "nome_empresa                                                            \n",
       "Bradesco - ASO    1.760000   2.100000   2.48000   2.300000   2.250000   \n",
       "Unimeds           2.415795   2.973447   4.21625   4.242462   4.159167   \n",
       "GNDI              6.225000   6.332500   6.71000   4.517500   4.202500   \n",
       "Sulamerica - ASO  2.200000   3.050000   4.74000   5.040000   5.370000   \n",
       "Assim             5.540000   6.240000   6.50000   6.220000   5.760000   \n",
       "HAPVIDA           5.868750   7.058750   9.56750   8.890000   8.271250   \n",
       "Amil              4.935000   6.055000   7.36000   7.055000   7.325000   \n",
       "Sulamerica        4.020000   5.050000   6.84000   7.080000   7.520000   \n",
       "Bradesco          5.780000   6.540000   7.47000   7.200000   7.450000   \n",
       "Prevent           1.785000  25.635000  48.94000  71.695000  94.270000   \n",
       "\n",
       "                      dez/19      nov/19     out/19      set/19  mov_avg_pre  \\\n",
       "nome_empresa                                                                   \n",
       "Bradesco - ASO      3.060000    3.310000   4.070000    3.740000     3.121667   \n",
       "Unimeds             3.502727    3.347841   3.217727    3.029432     3.583226   \n",
       "GNDI                3.795000    3.702500   3.510000    3.257500     3.830833   \n",
       "Sulamerica - ASO    4.890000    4.600000   4.800000    5.110000     4.968333   \n",
       "Assim               5.850000    6.260000   6.990000    7.060000     6.356667   \n",
       "HAPVIDA             7.015000    6.712500   6.230000    5.215000     7.055625   \n",
       "Amil                7.235000    7.715000   7.100000    6.395000     7.137500   \n",
       "Sulamerica          7.320000    7.840000   8.540000    8.740000     7.840000   \n",
       "Bradesco            7.910000    8.500000   8.850000    8.650000     8.093333   \n",
       "Prevent           117.140000  116.485000  93.235000  115.170000   101.332500   \n",
       "\n",
       "                  mov_avg_covid  delta_covid  \n",
       "nome_empresa                                  \n",
       "Bradesco - ASO         2.113333    -1.008333  \n",
       "Unimeds                3.201831    -0.381395  \n",
       "GNDI                   6.422500     2.591667  \n",
       "Sulamerica - ASO       3.330000    -1.638333  \n",
       "Assim                  6.093333    -0.263333  \n",
       "HAPVIDA                7.498333     0.442708  \n",
       "Amil                   6.116667    -1.020833  \n",
       "Sulamerica             5.303333    -2.536667  \n",
       "Bradesco               6.596667    -1.496667  \n",
       "Prevent               25.453333   -75.879167  "
      ]
     },
     "execution_count": 90,
     "metadata": {},
     "output_type": "execute_result"
    }
   ],
   "source": [
    "reclamacoes_empresa.groupby('nome_empresa').mean().sort_values('mov_avg_pre')"
   ]
  },
  {
   "cell_type": "code",
   "execution_count": 91,
   "metadata": {},
   "outputs": [
    {
     "data": {
      "text/html": [
       "<div>\n",
       "<style scoped>\n",
       "    .dataframe tbody tr th:only-of-type {\n",
       "        vertical-align: middle;\n",
       "    }\n",
       "\n",
       "    .dataframe tbody tr th {\n",
       "        vertical-align: top;\n",
       "    }\n",
       "\n",
       "    .dataframe thead th {\n",
       "        text-align: right;\n",
       "    }\n",
       "</style>\n",
       "<table border=\"1\" class=\"dataframe\">\n",
       "  <thead>\n",
       "    <tr style=\"text-align: right;\">\n",
       "      <th></th>\n",
       "      <th>mai/20</th>\n",
       "      <th>abr/20</th>\n",
       "      <th>mar/20</th>\n",
       "      <th>fev/20</th>\n",
       "      <th>jan/20</th>\n",
       "      <th>dez/19</th>\n",
       "      <th>nov/19</th>\n",
       "      <th>out/19</th>\n",
       "      <th>set/19</th>\n",
       "      <th>mov_avg_pre</th>\n",
       "      <th>mov_avg_covid</th>\n",
       "      <th>delta_covid</th>\n",
       "    </tr>\n",
       "    <tr>\n",
       "      <th>nome_empresa</th>\n",
       "      <th></th>\n",
       "      <th></th>\n",
       "      <th></th>\n",
       "      <th></th>\n",
       "      <th></th>\n",
       "      <th></th>\n",
       "      <th></th>\n",
       "      <th></th>\n",
       "      <th></th>\n",
       "      <th></th>\n",
       "      <th></th>\n",
       "      <th></th>\n",
       "    </tr>\n",
       "  </thead>\n",
       "  <tbody>\n",
       "    <tr>\n",
       "      <th>Bradesco - ASO</th>\n",
       "      <td>1.760000</td>\n",
       "      <td>2.100000</td>\n",
       "      <td>2.48000</td>\n",
       "      <td>2.300000</td>\n",
       "      <td>2.250000</td>\n",
       "      <td>3.060000</td>\n",
       "      <td>3.310000</td>\n",
       "      <td>4.070000</td>\n",
       "      <td>3.740000</td>\n",
       "      <td>3.121667</td>\n",
       "      <td>2.113333</td>\n",
       "      <td>-1.008333</td>\n",
       "    </tr>\n",
       "    <tr>\n",
       "      <th>Unimeds</th>\n",
       "      <td>2.415795</td>\n",
       "      <td>2.973447</td>\n",
       "      <td>4.21625</td>\n",
       "      <td>4.242462</td>\n",
       "      <td>4.159167</td>\n",
       "      <td>3.502727</td>\n",
       "      <td>3.347841</td>\n",
       "      <td>3.217727</td>\n",
       "      <td>3.029432</td>\n",
       "      <td>3.583226</td>\n",
       "      <td>3.201831</td>\n",
       "      <td>-0.381395</td>\n",
       "    </tr>\n",
       "    <tr>\n",
       "      <th>Sulamerica - ASO</th>\n",
       "      <td>2.200000</td>\n",
       "      <td>3.050000</td>\n",
       "      <td>4.74000</td>\n",
       "      <td>5.040000</td>\n",
       "      <td>5.370000</td>\n",
       "      <td>4.890000</td>\n",
       "      <td>4.600000</td>\n",
       "      <td>4.800000</td>\n",
       "      <td>5.110000</td>\n",
       "      <td>4.968333</td>\n",
       "      <td>3.330000</td>\n",
       "      <td>-1.638333</td>\n",
       "    </tr>\n",
       "    <tr>\n",
       "      <th>Sulamerica</th>\n",
       "      <td>4.020000</td>\n",
       "      <td>5.050000</td>\n",
       "      <td>6.84000</td>\n",
       "      <td>7.080000</td>\n",
       "      <td>7.520000</td>\n",
       "      <td>7.320000</td>\n",
       "      <td>7.840000</td>\n",
       "      <td>8.540000</td>\n",
       "      <td>8.740000</td>\n",
       "      <td>7.840000</td>\n",
       "      <td>5.303333</td>\n",
       "      <td>-2.536667</td>\n",
       "    </tr>\n",
       "    <tr>\n",
       "      <th>Assim</th>\n",
       "      <td>5.540000</td>\n",
       "      <td>6.240000</td>\n",
       "      <td>6.50000</td>\n",
       "      <td>6.220000</td>\n",
       "      <td>5.760000</td>\n",
       "      <td>5.850000</td>\n",
       "      <td>6.260000</td>\n",
       "      <td>6.990000</td>\n",
       "      <td>7.060000</td>\n",
       "      <td>6.356667</td>\n",
       "      <td>6.093333</td>\n",
       "      <td>-0.263333</td>\n",
       "    </tr>\n",
       "    <tr>\n",
       "      <th>Amil</th>\n",
       "      <td>4.935000</td>\n",
       "      <td>6.055000</td>\n",
       "      <td>7.36000</td>\n",
       "      <td>7.055000</td>\n",
       "      <td>7.325000</td>\n",
       "      <td>7.235000</td>\n",
       "      <td>7.715000</td>\n",
       "      <td>7.100000</td>\n",
       "      <td>6.395000</td>\n",
       "      <td>7.137500</td>\n",
       "      <td>6.116667</td>\n",
       "      <td>-1.020833</td>\n",
       "    </tr>\n",
       "    <tr>\n",
       "      <th>GNDI</th>\n",
       "      <td>6.225000</td>\n",
       "      <td>6.332500</td>\n",
       "      <td>6.71000</td>\n",
       "      <td>4.517500</td>\n",
       "      <td>4.202500</td>\n",
       "      <td>3.795000</td>\n",
       "      <td>3.702500</td>\n",
       "      <td>3.510000</td>\n",
       "      <td>3.257500</td>\n",
       "      <td>3.830833</td>\n",
       "      <td>6.422500</td>\n",
       "      <td>2.591667</td>\n",
       "    </tr>\n",
       "    <tr>\n",
       "      <th>Bradesco</th>\n",
       "      <td>5.780000</td>\n",
       "      <td>6.540000</td>\n",
       "      <td>7.47000</td>\n",
       "      <td>7.200000</td>\n",
       "      <td>7.450000</td>\n",
       "      <td>7.910000</td>\n",
       "      <td>8.500000</td>\n",
       "      <td>8.850000</td>\n",
       "      <td>8.650000</td>\n",
       "      <td>8.093333</td>\n",
       "      <td>6.596667</td>\n",
       "      <td>-1.496667</td>\n",
       "    </tr>\n",
       "    <tr>\n",
       "      <th>HAPVIDA</th>\n",
       "      <td>5.868750</td>\n",
       "      <td>7.058750</td>\n",
       "      <td>9.56750</td>\n",
       "      <td>8.890000</td>\n",
       "      <td>8.271250</td>\n",
       "      <td>7.015000</td>\n",
       "      <td>6.712500</td>\n",
       "      <td>6.230000</td>\n",
       "      <td>5.215000</td>\n",
       "      <td>7.055625</td>\n",
       "      <td>7.498333</td>\n",
       "      <td>0.442708</td>\n",
       "    </tr>\n",
       "    <tr>\n",
       "      <th>Prevent</th>\n",
       "      <td>1.785000</td>\n",
       "      <td>25.635000</td>\n",
       "      <td>48.94000</td>\n",
       "      <td>71.695000</td>\n",
       "      <td>94.270000</td>\n",
       "      <td>117.140000</td>\n",
       "      <td>116.485000</td>\n",
       "      <td>93.235000</td>\n",
       "      <td>115.170000</td>\n",
       "      <td>101.332500</td>\n",
       "      <td>25.453333</td>\n",
       "      <td>-75.879167</td>\n",
       "    </tr>\n",
       "  </tbody>\n",
       "</table>\n",
       "</div>"
      ],
      "text/plain": [
       "                    mai/20     abr/20    mar/20     fev/20     jan/20  \\\n",
       "nome_empresa                                                            \n",
       "Bradesco - ASO    1.760000   2.100000   2.48000   2.300000   2.250000   \n",
       "Unimeds           2.415795   2.973447   4.21625   4.242462   4.159167   \n",
       "Sulamerica - ASO  2.200000   3.050000   4.74000   5.040000   5.370000   \n",
       "Sulamerica        4.020000   5.050000   6.84000   7.080000   7.520000   \n",
       "Assim             5.540000   6.240000   6.50000   6.220000   5.760000   \n",
       "Amil              4.935000   6.055000   7.36000   7.055000   7.325000   \n",
       "GNDI              6.225000   6.332500   6.71000   4.517500   4.202500   \n",
       "Bradesco          5.780000   6.540000   7.47000   7.200000   7.450000   \n",
       "HAPVIDA           5.868750   7.058750   9.56750   8.890000   8.271250   \n",
       "Prevent           1.785000  25.635000  48.94000  71.695000  94.270000   \n",
       "\n",
       "                      dez/19      nov/19     out/19      set/19  mov_avg_pre  \\\n",
       "nome_empresa                                                                   \n",
       "Bradesco - ASO      3.060000    3.310000   4.070000    3.740000     3.121667   \n",
       "Unimeds             3.502727    3.347841   3.217727    3.029432     3.583226   \n",
       "Sulamerica - ASO    4.890000    4.600000   4.800000    5.110000     4.968333   \n",
       "Sulamerica          7.320000    7.840000   8.540000    8.740000     7.840000   \n",
       "Assim               5.850000    6.260000   6.990000    7.060000     6.356667   \n",
       "Amil                7.235000    7.715000   7.100000    6.395000     7.137500   \n",
       "GNDI                3.795000    3.702500   3.510000    3.257500     3.830833   \n",
       "Bradesco            7.910000    8.500000   8.850000    8.650000     8.093333   \n",
       "HAPVIDA             7.015000    6.712500   6.230000    5.215000     7.055625   \n",
       "Prevent           117.140000  116.485000  93.235000  115.170000   101.332500   \n",
       "\n",
       "                  mov_avg_covid  delta_covid  \n",
       "nome_empresa                                  \n",
       "Bradesco - ASO         2.113333    -1.008333  \n",
       "Unimeds                3.201831    -0.381395  \n",
       "Sulamerica - ASO       3.330000    -1.638333  \n",
       "Sulamerica             5.303333    -2.536667  \n",
       "Assim                  6.093333    -0.263333  \n",
       "Amil                   6.116667    -1.020833  \n",
       "GNDI                   6.422500     2.591667  \n",
       "Bradesco               6.596667    -1.496667  \n",
       "HAPVIDA                7.498333     0.442708  \n",
       "Prevent               25.453333   -75.879167  "
      ]
     },
     "execution_count": 91,
     "metadata": {},
     "output_type": "execute_result"
    }
   ],
   "source": [
    "reclamacoes_empresa.groupby('nome_empresa').mean().sort_values('mov_avg_covid')"
   ]
  },
  {
   "cell_type": "code",
   "execution_count": null,
   "metadata": {},
   "outputs": [],
   "source": []
  }
 ],
 "metadata": {
  "kernelspec": {
   "display_name": "Python 3",
   "language": "python",
   "name": "python3"
  },
  "language_info": {
   "codemirror_mode": {
    "name": "ipython",
    "version": 3
   },
   "file_extension": ".py",
   "mimetype": "text/x-python",
   "name": "python",
   "nbconvert_exporter": "python",
   "pygments_lexer": "ipython3",
   "version": "3.8.2"
  }
 },
 "nbformat": 4,
 "nbformat_minor": 4
}
